{
  "ver": "1.0.2",
  "importer": "particle",
  "imported": true,
  "uuid": "c0271fd0-ed68-47f2-8e1e-be4e6acfa4b2",
  "files": [
    ".json",
    ".plist"
  ],
  "subMetas": {},
  "userData": {
    "totalParticles": 50,
    "life": 0.20000000298023224,
    "lifeVar": 0.5,
    "emissionRate": 1000,
    "duration": -1,
    "srcBlendFactor": 2,
    "dstBlendFactor": 1,
    "startColor": {
      "_val": 2738749184,
      "r": 0,
      "g": 255,
      "b": 61,
      "a": 163
    },
    "startColorVar": {
      "_val": 3324144384,
      "r": 0,
      "g": 107,
      "b": 34,
      "a": 198
    },
    "endColor": {
      "_val": 3590324479,
      "r": 255,
      "g": 0,
      "b": 0,
      "a": 214
    },
    "endColorVar": {
      "_val": 3170498923,
      "r": 107,
      "g": 249,
      "b": 249,
      "a": 188
    },
    "startSize": 3.369999885559082,
    "startSizeVar": 50,
    "endSize": 30.31999969482422,
    "endSizeVar": 0,
    "positionType": 0,
    "sourcePos": {
      "x": 0,
      "y": 0
    },
    "posVar": {
      "x": 7,
      "y": 7
    },
    "angle": 360,
    "angleVar": 360,
    "startSpin": -47.369998931884766,
    "startSpinVar": 0,
    "endSpin": -47.369998931884766,
    "endSpinVar": -142.11000061035156,
    "emitterMode": 0,
    "gravity": {
      "x": 0.25,
      "y": 0.8600000143051147
    },
    "speed": 0,
    "speedVar": 190.7899932861328,
    "radialAccel": -671.0499877929688,
    "radialAccelVar": 65.79000091552734,
    "tangentialAccel": -92.11000061035156,
    "tangentialAccelVar": 65.79000091552734,
    "rotationIsDir": false,
    "startRadius": 0,
    "startRadiusVar": 0,
    "endRadius": 0,
    "endRadiusVar": 0,
    "rotatePerS": 0,
    "rotatePerSVar": 0,
    "spriteFrameUuid": "24c419ea-63a8-4ea1-a9d0-7fc469489bbc@f9941"
  }
}
